caught 4.6992481203007516E-4 8.524422470377632E-5 0.005272407732864675 3.0349013657056146E-4 0.0012706480304955528 2.7874564459930314E-4 5.305039787798408E-4 
int? 9.398496240601503E-4 3.409768988151053E-4 0.0017574692442882249 3.0349013657056146E-4 0.0038119440914866584 2.7874564459930314E-4 5.305039787798408E-4 
don't 0.0042293233082706765 0.002216349842298184 0.0017574692442882249 0.0012139605462822458 0.0012706480304955528 0.004738675958188153 0.004774535809018567 
underline 4.6992481203007516E-4 1.7048844940755265E-4 0.005272407732864675 3.0349013657056146E-4 0.0012706480304955528 1.3937282229965157E-4 5.305039787798408E-4 
plugins 4.6992481203007516E-4 8.524422470377632E-5 0.0017574692442882249 3.0349013657056146E-4 0.0038119440914866584 1.3937282229965157E-4 5.305039787798408E-4 
quotes' 0.0018796992481203006 8.524422470377632E-5 0.0017574692442882249 3.0349013657056146E-4 0.0012706480304955528 1.3937282229965157E-4 5.305039787798408E-4 
your 9.398496240601503E-4 0.011081749211490922 0.0017574692442882249 0.005766312594840668 0.0038119440914866584 0.009616724738675959 5.305039787798408E-4 
math.floor() 4.6992481203007516E-4 8.524422470377632E-5 0.0017574692442882249 0.0018209408194233688 0.0012706480304955528 1.3937282229965157E-4 5.305039787798408E-4 
parsing 4.6992481203007516E-4 2.55732674111329E-4 0.0017574692442882249 0.0021244309559939304 0.0012706480304955528 1.3937282229965157E-4 5.305039787798408E-4 
setting 0.0014097744360902255 5.967095729264342E-4 0.0017574692442882249 0.0030349013657056147 0.0012706480304955528 0.0011149825783972125 5.305039787798408E-4 
lambda 4.6992481203007516E-4 4.262211235188816E-4 0.0017574692442882249 0.0021244309559939304 0.0012706480304955528 1.3937282229965157E-4 5.305039787798408E-4 
suffer 4.6992481203007516E-4 2.55732674111329E-4 0.005272407732864675 3.0349013657056146E-4 0.0012706480304955528 1.3937282229965157E-4 5.305039787798408E-4 
java 0.002819548872180451 0.003835990111669934 0.0035149384885764497 0.005159332321699545 0.0012706480304955528 8.362369337979094E-4 0.002122015915119363 
would 0.005169172932330827 0.0065638053021907766 0.0017574692442882249 0.0015174506828528073 0.0012706480304955528 0.003484320557491289 0.011671087533156498 
fix 4.6992481203007516E-4 3.409768988151053E-4 0.005272407732864675 3.0349013657056146E-4 0.0012706480304955528 2.7874564459930314E-4 5.305039787798408E-4 
xml 9.398496240601503E-4 0.0011934191458528684 0.0017574692442882249 0.0021244309559939304 0.0012706480304955528 1.3937282229965157E-4 0.003713527851458886 
merge 4.6992481203007516E-4 6.819537976302106E-4 0.0017574692442882249 3.0349013657056146E-4 0.0012706480304955528 0.0018118466898954704 5.305039787798408E-4 
visual 4.6992481203007516E-4 7.671980223339868E-4 0.0017574692442882249 6.069802731411229E-4 0.0012706480304955528 0.003484320557491289 5.305039787798408E-4 
fire 0.0018796992481203006 8.524422470377632E-5 0.0017574692442882249 3.0349013657056146E-4 0.0012706480304955528 1.3937282229965157E-4 5.305039787798408E-4 
http://bytes.com/forum/thread236199.html. 4.6992481203007516E-4 8.524422470377632E-5 0.005272407732864675 3.0349013657056146E-4 0.0012706480304955528 1.3937282229965157E-4 5.305039787798408E-4 
stick 4.6992481203007516E-4 1.7048844940755265E-4 0.0017574692442882249 3.0349013657056146E-4 0.0012706480304955528 1.3937282229965157E-4 0.002652519893899204 
you 0.007518796992481203 0.038104168442588016 0.019332161687170474 0.024886191198786038 0.016518424396442185 0.022857142857142857 0.015384615384615385 
recursion 4.6992481203007516E-4 0.0015343960446679737 0.0017574692442882249 3.0349013657056146E-4 0.0012706480304955528 1.3937282229965157E-4 5.305039787798408E-4 
they 0.0014097744360902255 0.0017048844940755264 0.0017574692442882249 0.0015174506828528073 0.0012706480304955528 0.003205574912891986 0.002122015915119363 
jump 4.6992481203007516E-4 8.524422470377632E-5 0.0017574692442882249 9.104704097116844E-4 0.0012706480304955528 0.0015331010452961672 5.305039787798408E-4 
c# 9.398496240601503E-4 0.003409768988151053 0.0017574692442882249 9.104704097116844E-4 0.0012706480304955528 0.0012543554006968641 0.003183023872679045 
app 4.6992481203007516E-4 3.409768988151053E-4 0.005272407732864675 0.0018209408194233688 0.0012706480304955528 4.181184668989547E-4 5.305039787798408E-4 
boxes 9.398496240601503E-4 8.524422470377632E-5 0.0017574692442882249 3.0349013657056146E-4 0.0012706480304955528 1.3937282229965157E-4 0.003713527851458886 
using 0.006109022556390977 0.008694910919785184 0.0017574692442882249 0.00819423368740516 0.0025412960609911056 0.0062717770034843206 0.008488063660477453 
# 4.6992481203007516E-4 8.524422470377632E-5 0.0017574692442882249 0.003338391502276176 0.0012706480304955528 4.181184668989547E-4 0.0010610079575596816 
pass 4.6992481203007516E-4 0.0028130594152246187 0.0017574692442882249 9.104704097116844E-4 0.0012706480304955528 0.0018118466898954704 0.0010610079575596816 
expected 4.6992481203007516E-4 5.11465348222658E-4 0.0017574692442882249 3.0349013657056146E-4 0.0038119440914866584 4.181184668989547E-4 0.002122015915119363 
combo 4.6992481203007516E-4 8.524422470377632E-5 0.0017574692442882249 3.0349013657056146E-4 0.0012706480304955528 1.3937282229965157E-4 0.005835543766578249 
then 0.002349624060150376 0.006478561077487 0.0017574692442882249 0.005159332321699545 0.0038119440914866584 0.003205574912891986 5.305039787798408E-4 
sql, 4.6992481203007516E-4 2.55732674111329E-4 0.0017574692442882249 3.0349013657056146E-4 0.0038119440914866584 1.3937282229965157E-4 5.305039787798408E-4 
am 0.006109022556390977 0.0011934191458528684 0.0017574692442882249 0.0021244309559939304 0.0012706480304955528 0.0018118466898954704 0.002122015915119363 
- 0.006109022556390977 0.0011934191458528684 0.0017574692442882249 0.0015174506828528073 0.0012706480304955528 0.003484320557491289 0.004774535809018567 
an 0.015037593984962405 0.013042366379677777 0.005272407732864675 0.011229135053110774 0.008894536213468869 0.010313588850174216 0.013793103448275862 
javascript 0.006109022556390977 0.001108174921149092 0.0017574692442882249 0.0012139605462822458 0.0012706480304955528 2.7874564459930314E-4 5.305039787798408E-4 
loop, 4.6992481203007516E-4 4.262211235188816E-4 0.0017574692442882249 0.0021244309559939304 0.0012706480304955528 1.3937282229965157E-4 5.305039787798408E-4 
. 0.0018796992481203006 8.524422470377632E-5 0.0017574692442882249 3.0349013657056146E-4 0.0012706480304955528 1.3937282229965157E-4 5.305039787798408E-4 
input 0.002819548872180451 0.0013639075952604212 0.0017574692442882249 3.0349013657056146E-4 0.0063532401524777635 1.3937282229965157E-4 5.305039787798408E-4 
as 0.008928571428571428 0.013468587503196659 0.008787346221441126 0.00819423368740516 0.0025412960609911056 0.011289198606271778 0.008488063660477453 
linq 9.398496240601503E-4 8.524422470377632E-4 0.0017574692442882249 0.004552352048558422 0.0012706480304955528 6.968641114982578E-4 5.305039787798408E-4 
folder 4.6992481203007516E-4 2.55732674111329E-4 0.0017574692442882249 3.0349013657056146E-4 0.0038119440914866584 4.181184668989547E-4 5.305039787798408E-4 
size 4.6992481203007516E-4 4.262211235188816E-4 0.0017574692442882249 3.0349013657056146E-4 0.0012706480304955528 5.574912891986063E-4 0.002652519893899204 
5 4.6992481203007516E-4 4.262211235188816E-4 0.0017574692442882249 0.0021244309559939304 0.0012706480304955528 1.3937282229965157E-4 5.305039787798408E-4 
datasource 4.6992481203007516E-4 8.524422470377632E-5 0.0017574692442882249 0.0015174506828528073 0.0012706480304955528 1.3937282229965157E-4 5.305039787798408E-4 
-&gt; 4.6992481203007516E-4 8.524422470377632E-5 0.0017574692442882249 3.0349013657056146E-4 0.0012706480304955528 0.0012543554006968641 5.305039787798408E-4 
returns 0.0014097744360902255 0.001108174921149092 0.0017574692442882249 0.003338391502276176 0.0012706480304955528 9.75609756097561E-4 0.0015915119363395225 
appdomain 4.6992481203007516E-4 8.524422470377632E-5 0.005272407732864675 3.0349013657056146E-4 0.0012706480304955528 1.3937282229965157E-4 5.305039787798408E-4 
happening 4.6992481203007516E-4 8.524422470377632E-5 0.0017574692442882249 3.0349013657056146E-4 0.0038119440914866584 1.3937282229965157E-4 5.305039787798408E-4 
i've 0.005639097744360902 0.0017048844940755264 0.0017574692442882249 0.004552352048558422 0.005082592121982211 0.004320557491289199 0.004774535809018567 
= 9.398496240601503E-4 4.262211235188816E-4 0.0017574692442882249 0.0021244309559939304 0.0012706480304955528 0.005435540069686411 5.305039787798408E-4 
handler, 4.6992481203007516E-4 8.524422470377632E-5 0.005272407732864675 3.0349013657056146E-4 0.0012706480304955528 1.3937282229965157E-4 5.305039787798408E-4 
formatting 4.6992481203007516E-4 3.409768988151053E-4 0.0017574692442882249 3.0349013657056146E-4 0.0012706480304955528 1.3937282229965157E-4 0.002652519893899204 
object 0.002349624060150376 0.004603188134003921 0.005272407732864675 0.002731411229135053 0.0012706480304955528 0.0018118466898954704 0.004244031830238726 
flash 4.6992481203007516E-4 4.262211235188816E-4 0.0017574692442882249 3.0349013657056146E-4 0.0012706480304955528 0.0016724738675958188 5.305039787798408E-4 
components 0.003289473684210526 1.7048844940755265E-4 0.0017574692442882249 3.0349013657056146E-4 0.0012706480304955528 4.181184668989547E-4 5.305039787798408E-4 
be 0.005639097744360902 0.014662006649049528 0.005272407732864675 0.009408194233687404 0.0038119440914866584 0.013937282229965157 0.011671087533156498 
application.threadexception, 4.6992481203007516E-4 8.524422470377632E-5 0.005272407732864675 3.0349013657056146E-4 0.0012706480304955528 1.3937282229965157E-4 5.305039787798408E-4 
icon 4.6992481203007516E-4 8.524422470377632E-5 0.0017574692442882249 3.0349013657056146E-4 0.0012706480304955528 0.0027874564459930314 5.305039787798408E-4 
yellow 4.6992481203007516E-4 3.409768988151053E-4 0.005272407732864675 3.0349013657056146E-4 0.0012706480304955528 1.3937282229965157E-4 5.305039787798408E-4 
utility 0.0014097744360902255 8.524422470377632E-5 0.0017574692442882249 3.0349013657056146E-4 0.0012706480304955528 4.181184668989547E-4 0.002652519893899204 
global 4.6992481203007516E-4 1.7048844940755265E-4 0.005272407732864675 3.0349013657056146E-4 0.0012706480304955528 1.3937282229965157E-4 5.305039787798408E-4 
long 0.0014097744360902255 0.0012786633705566448 0.0017574692442882249 9.104704097116844E-4 0.008894536213468869 0.0012543554006968641 5.305039787798408E-4 
example 9.398496240601503E-4 0.002983547864632171 0.0017574692442882249 3.0349013657056146E-4 0.0038119440914866584 9.75609756097561E-4 0.0010610079575596816 
how 0.010338345864661654 0.011081749211490922 0.007029876977152899 0.013050075872534143 0.0063532401524777635 0.009895470383275262 0.00636604774535809 
is: 4.6992481203007516E-4 5.11465348222658E-4 0.0017574692442882249 9.104704097116844E-4 0.0038119440914866584 4.181184668989547E-4 5.305039787798408E-4 
search 0.0014097744360902255 1.7048844940755265E-4 0.0017574692442882249 3.0349013657056146E-4 0.0012706480304955528 0.0015331010452961672 5.305039787798408E-4 
same 0.002819548872180451 0.003750745886966158 0.0017574692442882249 0.004248861911987861 0.0038119440914866584 5.574912891986063E-4 0.0015915119363395225 
desired 4.6992481203007516E-4 3.409768988151053E-4 0.0017574692442882249 3.0349013657056146E-4 0.0012706480304955528 4.181184668989547E-4 0.002652519893899204 
are 0.004699248120300752 0.010144062739749382 0.005272407732864675 0.006069802731411229 0.0063532401524777635 0.009477351916376307 0.005305039787798408 
system.windows.forms.application.threadexception 4.6992481203007516E-4 8.524422470377632E-5 0.005272407732864675 3.0349013657056146E-4 0.0012706480304955528 1.3937282229965157E-4 5.305039787798408E-4 
does 0.005169172932330827 0.002131105617594408 0.0017574692442882249 0.006373292867981791 0.0025412960609911056 0.0020905923344947735 0.0010610079575596816 
by 0.0018796992481203006 0.011422726110306028 0.0017574692442882249 0.0030349013657056147 0.005082592121982211 0.005993031358885017 0.005835543766578249 
dostuff() 0.002349624060150376 8.524422470377632E-5 0.0017574692442882249 3.0349013657056146E-4 0.0012706480304955528 1.3937282229965157E-4 5.305039787798408E-4 
a 0.047462406015037595 0.05753985167504901 0.014059753954305799 0.061911987860394535 0.017789072426937738 0.05602787456445993 0.04668435013262599 
set 9.398496240601503E-4 0.0028983036399283946 0.0017574692442882249 0.005766312594840668 0.0012706480304955528 0.0033449477351916376 0.0010610079575596816 
incorrect 9.398496240601503E-4 2.55732674111329E-4 0.005272407732864675 9.104704097116844E-4 0.0012706480304955528 4.181184668989547E-4 5.305039787798408E-4 
situations, 4.6992481203007516E-4 2.55732674111329E-4 0.005272407732864675 3.0349013657056146E-4 0.0012706480304955528 1.3937282229965157E-4 5.305039787798408E-4 
one 0.0037593984962406013 0.006052339953968118 0.005272407732864675 0.003338391502276176 0.005082592121982211 0.006132404181184669 0.009018567639257295 
i 0.05780075187969925 0.023527406018242263 0.008787346221441126 0.029438543247344462 0.030495552731893267 0.03191637630662021 0.03289124668435013 
adobe 4.6992481203007516E-4 2.55732674111329E-4 0.0017574692442882249 6.069802731411229E-4 0.0012706480304955528 2.7874564459930314E-4 0.003183023872679045 
svn 4.6992481203007516E-4 6.819537976302106E-4 0.0017574692442882249 3.0349013657056146E-4 0.0012706480304955528 0.0025087108013937282 5.305039787798408E-4 
databound 0.002349624060150376 5.11465348222658E-4 0.0017574692442882249 6.069802731411229E-4 0.0012706480304955528 2.7874564459930314E-4 5.305039787798408E-4 
time, 4.6992481203007516E-4 1.7048844940755265E-4 0.0017574692442882249 0.0021244309559939304 0.0025412960609911056 1.3937282229965157E-4 5.305039787798408E-4 
people 9.398496240601503E-4 0.0013639075952604212 0.0017574692442882249 3.0349013657056146E-4 0.0012706480304955528 4.181184668989547E-4 5.305039787798408E-4 
the 0.08646616541353383 0.11047651521609411 0.029876977152899824 0.10682852807283763 0.05972045743329098 0.10313588850174216 0.08912466843501327 
byte[] 4.6992481203007516E-4 8.524422470377632E-5 0.0017574692442882249 3.0349013657056146E-4 0.0012706480304955528 1.3937282229965157E-4 0.002122015915119363 
component 0.002819548872180451 2.55732674111329E-4 0.0017574692442882249 3.0349013657056146E-4 0.0012706480304955528 1.3937282229965157E-4 5.305039787798408E-4 
winforms 4.6992481203007516E-4 1.7048844940755265E-4 0.008787346221441126 9.104704097116844E-4 0.0012706480304955528 6.968641114982578E-4 0.0015915119363395225 
plugin 4.6992481203007516E-4 2.55732674111329E-4 0.005272407732864675 3.0349013657056146E-4 0.0025412960609911056 8.362369337979094E-4 5.305039787798408E-4 
handlers 4.6992481203007516E-4 8.524422470377632E-5 0.005272407732864675 3.0349013657056146E-4 0.0012706480304955528 4.181184668989547E-4 5.305039787798408E-4 
to 0.0549812030075188 0.06316597050549826 0.022847100175746926 0.056449165402124434 0.03303684879288437 0.07233449477351916 0.054641909814323604 
{ 4.6992481203007516E-4 8.524422470377632E-5 0.0017574692442882249 0.002731411229135053 0.0012706480304955528 6.968641114982578E-4 5.305039787798408E-4 
under 9.398496240601503E-4 5.11465348222658E-4 0.0017574692442882249 6.069802731411229E-4 0.0025412960609911056 0.003205574912891986 5.305039787798408E-4 
| 4.6992481203007516E-4 8.524422470377632E-5 0.0017574692442882249 3.0349013657056146E-4 0.0012706480304955528 0.0018118466898954704 5.305039787798408E-4 
dataset 9.398496240601503E-4 3.409768988151053E-4 0.0017574692442882249 0.0030349013657056147 0.0012706480304955528 5.574912891986063E-4 5.305039787798408E-4 
6.5 4.6992481203007516E-4 8.524422470377632E-5 0.0017574692442882249 3.0349013657056146E-4 0.0012706480304955528 0.0020905923344947735 5.305039787798408E-4 
rounds 4.6992481203007516E-4 8.524422470377632E-5 0.0017574692442882249 0.003338391502276176 0.0012706480304955528 1.3937282229965157E-4 5.305039787798408E-4 
but 0.007518796992481203 0.007842468672747422 0.012302284710017574 0.01031866464339909 0.0063532401524777635 0.008362369337979094 0.011140583554376658 
standard 0.0014097744360902255 9.376864717415395E-4 0.0017574692442882249 3.0349013657056146E-4 0.0012706480304955528 0.0023693379790940767 5.305039787798408E-4 
controls 0.002819548872180451 5.11465348222658E-4 0.0017574692442882249 9.104704097116844E-4 0.0012706480304955528 4.181184668989547E-4 5.305039787798408E-4 
project 0.0014097744360902255 6.819537976302106E-4 0.0017574692442882249 9.104704097116844E-4 0.0012706480304955528 0.0027874564459930314 5.305039787798408E-4 
express 9.398496240601503E-4 3.409768988151053E-4 0.0017574692442882249 3.0349013657056146E-4 0.0012706480304955528 1.3937282229965157E-4 0.003713527851458886 
do 0.01456766917293233 0.012104679907936237 0.005272407732864675 0.01456752655538695 0.005082592121982211 0.00878048780487805 0.009018567639257295 
microsoft 4.6992481203007516E-4 8.524422470377632E-5 0.0017574692442882249 3.0349013657056146E-4 0.0012706480304955528 0.0012543554006968641 5.305039787798408E-4 
got 0.0037593984962406013 5.11465348222658E-4 0.0017574692442882249 0.002731411229135053 0.0025412960609911056 0.0015331010452961672 5.305039787798408E-4 
t-sql 0.0014097744360902255 5.11465348222658E-4 0.0017574692442882249 3.0349013657056146E-4 0.005082592121982211 2.7874564459930314E-4 0.0010610079575596816 
mysql 0.002819548872180451 5.11465348222658E-4 0.0017574692442882249 3.0349013657056146E-4 0.0012706480304955528 6.968641114982578E-4 5.305039787798408E-4 
helped 4.6992481203007516E-4 1.7048844940755265E-4 0.005272407732864675 3.0349013657056146E-4 0.0012706480304955528 4.181184668989547E-4 5.305039787798408E-4 
has 0.002819548872180451 0.002642570965817066 0.005272407732864675 0.005159332321699545 0.0025412960609911056 0.002926829268292683 0.003713527851458886 
ccnet 4.6992481203007516E-4 1.7048844940755265E-4 0.0017574692442882249 3.0349013657056146E-4 0.0012706480304955528 0.0018118466898954704 5.305039787798408E-4 
add 9.398496240601503E-4 0.002131105617594408 0.008787346221441126 0.0015174506828528073 0.0012706480304955528 0.002229965156794425 5.305039787798408E-4 
math.truncate() 4.6992481203007516E-4 8.524422470377632E-5 0.0017574692442882249 0.0018209408194233688 0.0012706480304955528 1.3937282229965157E-4 5.305039787798408E-4 
actual 9.398496240601503E-4 4.262211235188816E-4 0.0017574692442882249 3.0349013657056146E-4 0.0038119440914866584 1.3937282229965157E-4 5.305039787798408E-4 
shipment 0.0018796992481203006 8.524422470377632E-5 0.0017574692442882249 3.0349013657056146E-4 0.0012706480304955528 1.3937282229965157E-4 5.305039787798408E-4 
sqlite 4.6992481203007516E-4 8.524422470377632E-5 0.0017574692442882249 0.0018209408194233688 0.0012706480304955528 1.3937282229965157E-4 5.305039787798408E-4 
need 0.003289473684210526 0.004347455459892592 0.005272407732864675 0.003338391502276176 0.0038119440914866584 0.006132404181184669 0.005305039787798408 
might 9.398496240601503E-4 0.0023015940670019605 0.0017574692442882249 9.104704097116844E-4 0.0012706480304955528 0.0015331010452961672 5.305039787798408E-4 
let's 4.6992481203007516E-4 3.409768988151053E-4 0.0017574692442882249 9.104704097116844E-4 0.0012706480304955528 4.181184668989547E-4 0.002652519893899204 
wary 4.6992481203007516E-4 8.524422470377632E-5 0.0017574692442882249 3.0349013657056146E-4 0.0038119440914866584 1.3937282229965157E-4 5.305039787798408E-4 
this 0.019736842105263157 0.020884835052425197 0.007029876977152899 0.012746585735963581 0.025412960609911054 0.01421602787456446 0.01273209549071618 
check 0.0014097744360902255 0.0017901287187793028 0.0017574692442882249 0.0021244309559939304 0.005082592121982211 6.968641114982578E-4 0.002122015915119363 
list 4.6992481203007516E-4 0.003921234336373711 0.0017574692442882249 0.0012139605462822458 0.0012706480304955528 0.003484320557491289 0.002122015915119363 
look 9.398496240601503E-4 0.002045861392890632 0.0017574692442882249 9.104704097116844E-4 0.0025412960609911056 6.968641114982578E-4 0.0015915119363395225 
sections 4.6992481203007516E-4 0.001108174921149092 0.0017574692442882249 3.0349013657056146E-4 0.0012706480304955528 1.3937282229965157E-4 5.305039787798408E-4 
article 4.6992481203007516E-4 2.55732674111329E-4 0.005272407732864675 9.104704097116844E-4 0.0012706480304955528 4.181184668989547E-4 5.305039787798408E-4 
type. 4.6992481203007516E-4 3.409768988151053E-4 0.005272407732864675 9.104704097116844E-4 0.0012706480304955528 1.3937282229965157E-4 5.305039787798408E-4 
vi 4.6992481203007516E-4 1.7048844940755265E-4 0.0017574692442882249 3.0349013657056146E-4 0.005082592121982211 1.3937282229965157E-4 5.305039787798408E-4 
shell 4.6992481203007516E-4 4.262211235188816E-4 0.0017574692442882249 3.0349013657056146E-4 0.007623888182973317 1.3937282229965157E-4 5.305039787798408E-4 
know 0.0018796992481203006 0.002216349842298184 0.007029876977152899 0.0021244309559939304 0.0038119440914866584 0.004320557491289199 0.003713527851458886 
.net 0.0018796992481203006 0.0013639075952604212 0.0017574692442882249 0.0024279210925644916 0.0012706480304955528 0.0040418118466898955 0.0010610079575596816 
subdomain 4.6992481203007516E-4 2.55732674111329E-4 0.0017574692442882249 3.0349013657056146E-4 0.0012706480304955528 0.0013937282229965157 5.305039787798408E-4 
full 4.6992481203007516E-4 1.7048844940755265E-4 0.0017574692442882249 9.104704097116844E-4 0.0012706480304955528 6.968641114982578E-4 0.003183023872679045 
some 0.002819548872180451 0.005199897706930356 0.005272407732864675 0.0018209408194233688 0.0025412960609911056 0.0037630662020905923 0.002652519893899204 
string 0.008458646616541353 0.005370386156337908 0.0035149384885764497 0.0024279210925644916 0.0012706480304955528 0.0023693379790940767 0.0015915119363395225 
for 0.012218045112781954 0.017389821839570368 0.012302284710017574 0.02063732928679818 0.008894536213468869 0.02034843205574913 0.019628647214854113 
class? 4.6992481203007516E-4 1.7048844940755265E-4 0.0017574692442882249 3.0349013657056146E-4 0.0012706480304955528 1.3937282229965157E-4 0.002652519893899204 
changes 9.398496240601503E-4 5.967095729264342E-4 0.0017574692442882249 0.0015174506828528073 0.0012706480304955528 1.3937282229965157E-4 0.004244031830238726 
oddities 4.6992481203007516E-4 2.55732674111329E-4 0.0017574692442882249 3.0349013657056146E-4 0.0063532401524777635 1.3937282229965157E-4 5.305039787798408E-4 
function. 0.0014097744360902255 3.409768988151053E-4 0.0017574692442882249 0.002731411229135053 0.0012706480304955528 1.3937282229965157E-4 5.305039787798408E-4 
we 9.398496240601503E-4 0.005199897706930356 0.0017574692442882249 0.002731411229135053 0.0012706480304955528 0.00264808362369338 0.004244031830238726 
edit: 4.6992481203007516E-4 3.409768988151053E-4 0.0017574692442882249 3.0349013657056146E-4 0.0038119440914866584 4.181184668989547E-4 0.0010610079575596816 
anything 9.398496240601503E-4 2.55732674111329E-4 0.0017574692442882249 3.0349013657056146E-4 0.0012706480304955528 0.0018118466898954704 0.0015915119363395225 
printf 9.398496240601503E-4 3.409768988151053E-4 0.0017574692442882249 3.0349013657056146E-4 0.0038119440914866584 2.7874564459930314E-4 5.305039787798408E-4 
button 4.6992481203007516E-4 0.0017901287187793028 0.0017574692442882249 3.0349013657056146E-4 0.0012706480304955528 4.181184668989547E-4 0.002652519893899204 
not 0.010338345864661654 0.009547353166822948 0.005272407732864675 0.009408194233687404 0.0038119440914866584 0.00710801393728223 0.00636604774535809 
arrive 4.6992481203007516E-4 8.524422470377632E-5 0.005272407732864675 3.0349013657056146E-4 0.0012706480304955528 1.3937282229965157E-4 5.305039787798408E-4 
passed 4.6992481203007516E-4 0.0025573267411132896 0.0017574692442882249 3.0349013657056146E-4 0.0038119440914866584 5.574912891986063E-4 0.003183023872679045 
compiler 4.6992481203007516E-4 5.11465348222658E-4 0.005272407732864675 9.104704097116844E-4 0.0025412960609911056 4.181184668989547E-4 5.305039787798408E-4 
c/c++ 4.6992481203007516E-4 2.55732674111329E-4 0.0017574692442882249 3.0349013657056146E-4 0.0012706480304955528 1.3937282229965157E-4 0.002652519893899204 
oldstuff 4.6992481203007516E-4 8.524422470377632E-5 0.0017574692442882249 3.0349013657056146E-4 0.0012706480304955528 1.3937282229965157E-4 0.002652519893899204 
custom 0.0014097744360902255 0.0017048844940755264 0.0017574692442882249 3.0349013657056146E-4 0.0012706480304955528 1.3937282229965157E-4 5.305039787798408E-4 
was 0.004699248120300752 0.0023015940670019605 0.0017574692442882249 0.0021244309559939304 0.010165184243964422 0.0013937282229965157 0.006896551724137931 
go 0.0018796992481203006 0.001022930696445316 0.0017574692442882249 0.003338391502276176 0.0025412960609911056 4.181184668989547E-4 0.0010610079575596816 
reading 4.6992481203007516E-4 5.11465348222658E-4 0.0017574692442882249 3.0349013657056146E-4 0.0012706480304955528 1.3937282229965157E-4 0.003183023872679045 
windows 0.0018796992481203006 0.0012786633705566448 0.005272407732864675 3.0349013657056146E-4 0.0025412960609911056 0.0027874564459930314 0.0010610079575596816 
way 0.0042293233082706765 0.006904782201005882 0.0017574692442882249 0.01031866464339909 0.0063532401524777635 0.00878048780487805 0.010610079575596816 
editing 4.6992481203007516E-4 8.524422470377632E-5 0.0017574692442882249 3.0349013657056146E-4 0.0038119440914866584 1.3937282229965157E-4 5.305039787798408E-4 
suppresswarning 4.6992481203007516E-4 1.7048844940755265E-4 0.005272407732864675 3.0349013657056146E-4 0.0012706480304955528 1.3937282229965157E-4 5.305039787798408E-4 
what 0.007518796992481203 0.009291620492711618 0.005272407732864675 0.005766312594840668 0.008894536213468869 0.007665505226480836 0.007957559681697613 
proc.new 4.6992481203007516E-4 2.55732674111329E-4 0.0017574692442882249 0.0021244309559939304 0.0012706480304955528 4.181184668989547E-4 5.305039787798408E-4 
restricted 4.6992481203007516E-4 1.7048844940755265E-4 0.005272407732864675 3.0349013657056146E-4 0.0012706480304955528 1.3937282229965157E-4 5.305039787798408E-4 
handling 4.6992481203007516E-4 5.11465348222658E-4 0.005272407732864675 3.0349013657056146E-4 0.0012706480304955528 4.181184668989547E-4 0.0015915119363395225 
combobox 4.6992481203007516E-4 8.524422470377632E-5 0.0017574692442882249 0.0021244309559939304 0.0012706480304955528 1.3937282229965157E-4 0.0015915119363395225 
studio 4.6992481203007516E-4 5.11465348222658E-4 0.0017574692442882249 3.0349013657056146E-4 0.0012706480304955528 0.00264808362369338 5.305039787798408E-4 
called 0.0018796992481203006 0.001022930696445316 0.0017574692442882249 0.003338391502276176 0.0012706480304955528 9.75609756097561E-4 5.305039787798408E-4 
when 0.009398496240601503 0.007671980223339868 0.0017574692442882249 0.008801213960546282 0.007623888182973317 0.005853658536585366 0.01220159151193634 
put 0.003289473684210526 0.0017048844940755264 0.0017574692442882249 3.0349013657056146E-4 0.0012706480304955528 1.3937282229965157E-4 0.0015915119363395225 
tried 0.0042293233082706765 4.262211235188816E-4 0.0017574692442882249 0.002731411229135053 0.007623888182973317 4.181184668989547E-4 5.305039787798408E-4 
datatable 9.398496240601503E-4 3.409768988151053E-4 0.0017574692442882249 0.003338391502276176 0.0012706480304955528 6.968641114982578E-4 0.0015915119363395225 
problem 0.002349624060150376 0.0011934191458528684 0.0017574692442882249 9.104704097116844E-4 0.0012706480304955528 0.002926829268292683 0.0015915119363395225 
threadexception 4.6992481203007516E-4 8.524422470377632E-5 0.005272407732864675 3.0349013657056146E-4 0.0012706480304955528 1.3937282229965157E-4 5.305039787798408E-4 
model 4.6992481203007516E-4 1.7048844940755265E-4 0.0017574692442882249 3.0349013657056146E-4 0.0012706480304955528 1.3937282229965157E-4 0.002652519893899204 
gettimeofday() 4.6992481203007516E-4 8.524422470377632E-5 0.0017574692442882249 0.0021244309559939304 0.0025412960609911056 2.7874564459930314E-4 0.0010610079575596816 
webpage 4.6992481203007516E-4 8.524422470377632E-5 0.0017574692442882249 3.0349013657056146E-4 0.0012706480304955528 0.0015331010452961672 5.305039787798408E-4 
sockets 0.002349624060150376 1.7048844940755265E-4 0.0017574692442882249 3.0349013657056146E-4 0.0012706480304955528 1.3937282229965157E-4 5.305039787798408E-4 
if 0.007988721804511278 0.013724320177307988 0.008787346221441126 0.008801213960546282 0.005082592121982211 0.013937282229965157 0.00636604774535809 
case 4.6992481203007516E-4 0.0023015940670019605 0.0017574692442882249 3.0349013657056146E-4 0.0012706480304955528 0.0012543554006968641 0.0010610079575596816 
validation 0.002349624060150376 1.7048844940755265E-4 0.0017574692442882249 3.0349013657056146E-4 0.0012706480304955528 4.181184668989547E-4 5.305039787798408E-4 
method 0.002819548872180451 0.005114653482226579 0.0017574692442882249 0.003338391502276176 0.0025412960609911056 0.0018118466898954704 0.002122015915119363 
python? 4.6992481203007516E-4 1.7048844940755265E-4 0.0017574692442882249 3.0349013657056146E-4 0.0012706480304955528 1.3937282229965157E-4 0.002122015915119363 
in 0.03101503759398496 0.037592703094365354 0.0210896309314587 0.03368740515933232 0.01397712833545108 0.036794425087108014 0.028647214854111407 
io 4.6992481203007516E-4 1.7048844940755265E-4 0.0017574692442882249 3.0349013657056146E-4 0.0012706480304955528 1.3937282229965157E-4 0.002652519893899204 
nothing 0.0014097744360902255 3.409768988151053E-4 0.0017574692442882249 9.104704097116844E-4 0.0038119440914866584 1.3937282229965157E-4 5.305039787798408E-4 
dns 0.002349624060150376 4.262211235188816E-4 0.0017574692442882249 3.0349013657056146E-4 0.0012706480304955528 0.001951219512195122 5.305039787798408E-4 
is 0.03007518796992481 0.03614355127440116 0.0035149384885764497 0.030955993930197268 0.015247776365946633 0.038466898954703836 0.03395225464190981 
it 0.01644736842105263 0.019094706333645895 0.0035149384885764497 0.019726858877086494 0.010165184243964422 0.014634146341463415 0.015384615384615385 
iphone 4.6992481203007516E-4 8.524422470377632E-5 0.0017574692442882249 3.0349013657056146E-4 0.0012706480304955528 0.0012543554006968641 5.305039787798408E-4 
intel 4.6992481203007516E-4 8.524422470377632E-5 0.0017574692442882249 3.0349013657056146E-4 0.005082592121982211 1.3937282229965157E-4 5.305039787798408E-4 
decoding 0.0014097744360902255 4.262211235188816E-4 0.0017574692442882249 9.104704097116844E-4 0.0038119440914866584 2.7874564459930314E-4 5.305039787798408E-4 
above, 4.6992481203007516E-4 5.11465348222658E-4 0.005272407732864675 9.104704097116844E-4 0.0012706480304955528 1.3937282229965157E-4 5.305039787798408E-4 
explicit 9.398496240601503E-4 3.409768988151053E-4 0.0017574692442882249 3.0349013657056146E-4 0.0012706480304955528 1.3937282229965157E-4 0.003713527851458886 
provide 4.6992481203007516E-4 0.001108174921149092 0.0017574692442882249 3.0349013657056146E-4 0.0012706480304955528 1.3937282229965157E-4 5.305039787798408E-4 
following 0.002819548872180451 0.001022930696445316 0.0017574692442882249 9.104704097116844E-4 0.0025412960609911056 0.0023693379790940767 0.005305039787798408 
binary 4.6992481203007516E-4 6.819537976302106E-4 0.0017574692442882249 3.0349013657056146E-4 0.0025412960609911056 4.181184668989547E-4 0.003713527851458886 
gui 0.007048872180451127 5.11465348222658E-4 0.0017574692442882249 3.0349013657056146E-4 0.0012706480304955528 1.3937282229965157E-4 5.305039787798408E-4 
enterprise 4.6992481203007516E-4 8.524422470377632E-5 0.0017574692442882249 3.0349013657056146E-4 0.0012706480304955528 0.0012543554006968641 5.305039787798408E-4 
save 4.6992481203007516E-4 5.967095729264342E-4 0.0017574692442882249 3.0349013657056146E-4 0.0038119440914866584 6.968641114982578E-4 5.305039787798408E-4 
output: 9.398496240601503E-4 5.11465348222658E-4 0.0017574692442882249 3.0349013657056146E-4 0.0063532401524777635 1.3937282229965157E-4 5.305039787798408E-4 
appdomain.currentdomain.unhandledexception 4.6992481203007516E-4 8.524422470377632E-5 0.005272407732864675 3.0349013657056146E-4 0.0012706480304955528 1.3937282229965157E-4 5.305039787798408E-4 
air 4.6992481203007516E-4 2.55732674111329E-4 0.0017574692442882249 9.104704097116844E-4 0.0012706480304955528 2.7874564459930314E-4 0.003183023872679045 
isn't 0.0037593984962406013 6.819537976302106E-4 0.0017574692442882249 9.104704097116844E-4 0.0012706480304955528 4.181184668989547E-4 5.305039787798408E-4 
recursive 4.6992481203007516E-4 0.0015343960446679737 0.0017574692442882249 3.0349013657056146E-4 0.0012706480304955528 1.3937282229965157E-4 5.305039787798408E-4 
i'm 0.010808270676691729 0.002216349842298184 0.0017574692442882249 0.003338391502276176 0.0025412960609911056 0.005156794425087108 0.005305039787798408 
foreign 0.002349624060150376 8.524422470377632E-5 0.0017574692442882249 0.0012139605462822458 0.0012706480304955528 5.574912891986063E-4 5.305039787798408E-4 
strings 9.398496240601503E-4 0.0012786633705566448 0.0017574692442882249 3.0349013657056146E-4 0.0012706480304955528 1.3937282229965157E-4 5.305039787798408E-4 
stream 4.6992481203007516E-4 5.11465348222658E-4 0.0017574692442882249 3.0349013657056146E-4 0.0012706480304955528 4.181184668989547E-4 0.002652519893899204 
rails 4.6992481203007516E-4 1.7048844940755265E-4 0.005272407732864675 3.0349013657056146E-4 0.0012706480304955528 2.7874564459930314E-4 0.002122015915119363 
get 0.005639097744360902 0.004347455459892592 0.0035149384885764497 0.004855842185128983 0.008894536213468869 0.006689895470383275 0.003713527851458886 
have 0.014097744360902255 0.008439178245673855 0.012302284710017574 0.012139605462822459 0.0012706480304955528 0.01059233449477352 0.014323607427055704 
casting 4.6992481203007516E-4 8.524422470377632E-5 0.0017574692442882249 3.0349013657056146E-4 0.0012706480304955528 1.3937282229965157E-4 0.002122015915119363 
event 9.398496240601503E-4 3.409768988151053E-4 0.005272407732864675 9.104704097116844E-4 0.0012706480304955528 1.3937282229965157E-4 0.0010610079575596816 
[] 4.6992481203007516E-4 8.524422470377632E-5 0.0017574692442882249 3.0349013657056146E-4 0.0012706480304955528 0.0012543554006968641 5.305039787798408E-4 
touching 4.6992481203007516E-4 8.524422470377632E-5 0.0017574692442882249 3.0349013657056146E-4 0.0038119440914866584 1.3937282229965157E-4 5.305039787798408E-4 
could 0.0018796992481203006 0.0032392805387435 0.0017574692442882249 3.0349013657056146E-4 0.0038119440914866584 0.0015331010452961672 5.305039787798408E-4 
display 9.398496240601503E-4 4.262211235188816E-4 0.0017574692442882249 9.104704097116844E-4 0.0012706480304955528 0.0020905923344947735 5.305039787798408E-4 
menu 0.0014097744360902255 3.409768988151053E-4 0.0017574692442882249 0.0021244309559939304 0.0012706480304955528 2.7874564459930314E-4 5.305039787798408E-4 
reverse 0.002349624060150376 1.7048844940755265E-4 0.0017574692442882249 3.0349013657056146E-4 0.0012706480304955528 5.574912891986063E-4 5.305039787798408E-4 
help 9.398496240601503E-4 5.11465348222658E-4 0.0017574692442882249 3.0349013657056146E-4 0.0012706480304955528 1.3937282229965157E-4 0.002652519893899204 
c#/vb.net 0.0014097744360902255 2.55732674111329E-4 0.0017574692442882249 3.0349013657056146E-4 0.0038119440914866584 2.7874564459930314E-4 5.305039787798408E-4 
anchor 0.0018796992481203006 8.524422470377632E-5 0.0017574692442882249 3.0349013657056146E-4 0.0012706480304955528 1.3937282229965157E-4 5.305039787798408E-4 
attributes 4.6992481203007516E-4 0.001108174921149092 0.0017574692442882249 3.0349013657056146E-4 0.0012706480304955528 1.3937282229965157E-4 5.305039787798408E-4 
certain 4.6992481203007516E-4 5.11465348222658E-4 0.007029876977152899 0.0015174506828528073 0.0012706480304955528 0.00264808362369338 0.0015915119363395225 
first 0.0014097744360902255 0.0028983036399283946 0.0017574692442882249 0.0015174506828528073 0.0012706480304955528 0.0016724738675958188 0.0015915119363395225 
return 0.0014097744360902255 0.0017901287187793028 0.0017574692442882249 0.007587253414264037 0.0012706480304955528 0.001951219512195122 0.0015915119363395225 
date 4.6992481203007516E-4 3.409768988151053E-4 0.0017574692442882249 3.0349013657056146E-4 0.005082592121982211 4.181184668989547E-4 5.305039787798408E-4 
forms. 4.6992481203007516E-4 8.524422470377632E-5 0.005272407732864675 3.0349013657056146E-4 0.0012706480304955528 1.3937282229965157E-4 5.305039787798408E-4 
data 4.6992481203007516E-4 0.0035802574375586056 0.0017574692442882249 0.0036418816388467377 0.0012706480304955528 0.0011149825783972125 0.007957559681697613 
use 0.005639097744360902 0.01415054130082687 0.008787346221441126 0.01638846737481032 0.0025412960609911056 0.015191637630662022 0.007427055702917772 
add, 4.6992481203007516E-4 1.7048844940755265E-4 0.005272407732864675 3.0349013657056146E-4 0.0012706480304955528 1.3937282229965157E-4 5.305039787798408E-4 
own 0.0037593984962406013 9.376864717415395E-4 0.0017574692442882249 3.0349013657056146E-4 0.0012706480304955528 0.0012543554006968641 5.305039787798408E-4 
ls 4.6992481203007516E-4 8.524422470377632E-5 0.0017574692442882249 3.0349013657056146E-4 0.0012706480304955528 0.0012543554006968641 5.305039787798408E-4 
replace 0.002819548872180451 3.409768988151053E-4 0.0017574692442882249 3.0349013657056146E-4 0.0012706480304955528 8.362369337979094E-4 5.305039787798408E-4 
main 0.0037593984962406013 5.967095729264342E-4 0.0017574692442882249 0.004552352048558422 0.005082592121982211 0.0020905923344947735 5.305039787798408E-4 
integer 0.0037593984962406013 0.001108174921149092 0.0017574692442882249 0.0012139605462822458 0.0012706480304955528 1.3937282229965157E-4 0.0010610079575596816 
while 0.0014097744360902255 4.262211235188816E-4 0.0017574692442882249 0.0015174506828528073 0.005082592121982211 4.181184668989547E-4 0.0010610079575596816 
experience 4.6992481203007516E-4 3.409768988151053E-4 0.005272407732864675 3.0349013657056146E-4 0.0012706480304955528 1.3937282229965157E-4 5.305039787798408E-4 
decode 4.6992481203007516E-4 3.409768988151053E-4 0.0017574692442882249 3.0349013657056146E-4 0.008894536213468869 4.181184668989547E-4 5.305039787798408E-4 
that 0.021616541353383457 0.02011763703009121 0.005272407732864675 0.019726858877086494 0.011435832274459974 0.02689895470383275 0.020159151193633953 
his 0.0042293233082706765 1.7048844940755265E-4 0.0017574692442882249 3.0349013657056146E-4 0.0012706480304955528 4.181184668989547E-4 5.305039787798408E-4 
split 4.6992481203007516E-4 0.0013639075952604212 0.0017574692442882249 3.0349013657056146E-4 0.0012706480304955528 1.3937282229965157E-4 5.305039787798408E-4 
solution 4.6992481203007516E-4 0.0024720825164095133 0.0017574692442882249 3.0349013657056146E-4 0.0012706480304955528 4.181184668989547E-4 0.0015915119363395225 
annotation). 4.6992481203007516E-4 1.7048844940755265E-4 0.005272407732864675 3.0349013657056146E-4 0.0012706480304955528 1.3937282229965157E-4 5.305039787798408E-4 
function 0.006578947368421052 0.003409768988151053 0.0017574692442882249 0.0021244309559939304 0.0012706480304955528 0.00264808362369338 0.0010610079575596816 
me 0.0037593984962406013 9.376864717415395E-4 0.0017574692442882249 9.104704097116844E-4 0.0012706480304955528 0.0020905923344947735 0.004244031830238726 
pipe 4.6992481203007516E-4 8.524422470377632E-5 0.0017574692442882249 3.0349013657056146E-4 0.0038119440914866584 1.3937282229965157E-4 5.305039787798408E-4 
collation 4.6992481203007516E-4 8.524422470377632E-5 0.0017574692442882249 3.0349013657056146E-4 0.0012706480304955528 0.001951219512195122 5.305039787798408E-4 
method, 4.6992481203007516E-4 4.262211235188816E-4 0.005272407732864675 3.0349013657056146E-4 0.0012706480304955528 1.3937282229965157E-4 5.305039787798408E-4 
all 0.003289473684210526 0.005455630381041685 0.0017574692442882249 0.0030349013657056147 0.005082592121982211 0.00710801393728223 0.0015915119363395225 
upgrading 4.6992481203007516E-4 8.524422470377632E-5 0.0035149384885764497 3.0349013657056146E-4 0.0012706480304955528 0.0015331010452961672 5.305039787798408E-4 
me: 4.6992481203007516E-4 8.524422470377632E-5 0.005272407732864675 3.0349013657056146E-4 0.0012706480304955528 1.3937282229965157E-4 5.305039787798408E-4 
you'll 4.6992481203007516E-4 8.524422470377632E-4 0.0017574692442882249 9.104704097116844E-4 0.0012706480304955528 0.0020905923344947735 5.305039787798408E-4 
like 0.0042293233082706765 0.007075270650413435 0.0017574692442882249 0.007587253414264037 0.0025412960609911056 0.007386759581881533 0.011140583554376658 
goes 0.0014097744360902255 4.262211235188816E-4 0.0017574692442882249 0.002731411229135053 0.0012706480304955528 6.968641114982578E-4 0.0015915119363395225 
didn't 4.6992481203007516E-4 8.524422470377632E-4 0.0017574692442882249 0.0015174506828528073 0.005082592121982211 9.75609756097561E-4 5.305039787798408E-4 
cpu 4.6992481203007516E-4 8.524422470377632E-5 0.0017574692442882249 0.0018209408194233688 0.0063532401524777635 9.75609756097561E-4 5.305039787798408E-4 
less 9.398496240601503E-4 6.819537976302106E-4 0.0017574692442882249 0.002731411229135053 0.0012706480304955528 9.75609756097561E-4 0.0010610079575596816 
towards 4.6992481203007516E-4 8.524422470377632E-5 0.0017574692442882249 0.0021244309559939304 0.0012706480304955528 1.3937282229965157E-4 5.305039787798408E-4 
my 0.010808270676691729 0.004176967010485039 0.008787346221441126 0.003338391502276176 0.0025412960609911056 0.006968641114982578 0.005835543766578249 
fill 4.6992481203007516E-4 8.524422470377632E-5 0.0017574692442882249 3.0349013657056146E-4 0.0012706480304955528 1.3937282229965157E-4 0.002122015915119363 
exceptions 4.6992481203007516E-4 8.524422470377632E-5 0.005272407732864675 3.0349013657056146E-4 0.0012706480304955528 5.574912891986063E-4 0.0010610079575596816 
tool 4.6992481203007516E-4 1.7048844940755265E-4 0.0017574692442882249 3.0349013657056146E-4 0.0038119440914866584 4.181184668989547E-4 5.305039787798408E-4 
eclipse 4.6992481203007516E-4 1.7048844940755265E-4 0.005272407732864675 9.104704097116844E-4 0.0012706480304955528 1.3937282229965157E-4 5.305039787798408E-4 
halts 0.0018796992481203006 8.524422470377632E-5 0.0017574692442882249 3.0349013657056146E-4 0.0012706480304955528 1.3937282229965157E-4 5.305039787798408E-4 
produces 9.398496240601503E-4 8.524422470377632E-5 0.0035149384885764497 3.0349013657056146E-4 0.0038119440914866584 1.3937282229965157E-4 5.305039787798408E-4 
insertion 4.6992481203007516E-4 8.524422470377632E-5 0.0017574692442882249 3.0349013657056146E-4 0.0012706480304955528 0.0013937282229965157 5.305039787798408E-4 
since 0.005639097744360902 0.001022930696445316 0.0017574692442882249 9.104704097116844E-4 0.005082592121982211 6.968641114982578E-4 0.002122015915119363 
here 0.003289473684210526 0.0031540363140397237 0.0017574692442882249 9.104704097116844E-4 0.0012706480304955528 9.75609756097561E-4 5.305039787798408E-4 
no 0.0037593984962406013 0.00161964026937175 0.0035149384885764497 3.0349013657056146E-4 0.0025412960609911056 0.003484320557491289 0.002652519893899204 
vfp 4.6992481203007516E-4 8.524422470377632E-5 0.0017574692442882249 3.0349013657056146E-4 0.0012706480304955528 0.0013937282229965157 5.305039787798408E-4 
note 4.6992481203007516E-4 5.11465348222658E-4 0.005272407732864675 3.0349013657056146E-4 0.0025412960609911056 4.181184668989547E-4 5.305039787798408E-4 
code 0.004699248120300752 0.005114653482226579 0.0017574692442882249 0.0021244309559939304 0.0063532401524777635 0.0025087108013937282 0.003183023872679045 
part 9.398496240601503E-4 0.001108174921149092 0.0017574692442882249 9.104704097116844E-4 0.005082592121982211 0.0012543554006968641 5.305039787798408E-4 
link 4.6992481203007516E-4 4.262211235188816E-4 0.0017574692442882249 3.0349013657056146E-4 0.0012706480304955528 0.0018118466898954704 5.305039787798408E-4 
their 0.0037593984962406013 7.671980223339868E-4 0.0017574692442882249 0.002731411229135053 0.0012706480304955528 4.181184668989547E-4 0.0015915119363395225 
proc, 4.6992481203007516E-4 3.409768988151053E-4 0.0017574692442882249 0.0021244309559939304 0.0012706480304955528 1.3937282229965157E-4 5.305039787798408E-4 
appears 4.6992481203007516E-4 8.524422470377632E-5 0.0017574692442882249 3.0349013657056146E-4 0.0038119440914866584 1.3937282229965157E-4 0.0015915119363395225 
sql 0.002819548872180451 0.0033245247634472765 0.0017574692442882249 0.0024279210925644916 0.0063532401524777635 0.0033449477351916376 0.007427055702917772 
this: 0.0037593984962406013 0.003409768988151053 0.0017574692442882249 9.104704097116844E-4 0.0025412960609911056 1.3937282229965157E-4 0.005835543766578249 
can 0.0042293233082706765 0.015343960446679737 0.0017574692442882249 0.011229135053110774 0.007623888182973317 0.009059233449477353 0.004244031830238726 
scripting 4.6992481203007516E-4 4.262211235188816E-4 0.0017574692442882249 3.0349013657056146E-4 0.0063532401524777635 5.574912891986063E-4 5.305039787798408E-4 
timer 4.6992481203007516E-4 8.524422470377632E-5 0.0017574692442882249 0.0036418816388467377 0.0012706480304955528 1.3937282229965157E-4 5.305039787798408E-4 
database 4.6992481203007516E-4 0.0011934191458528684 0.0017574692442882249 0.0012139605462822458 0.0012706480304955528 0.0011149825783972125 0.004244031830238726 
while: 4.6992481203007516E-4 8.524422470377632E-5 0.0017574692442882249 3.0349013657056146E-4 0.0038119440914866584 1.3937282229965157E-4 5.305039787798408E-4 
array 0.0014097744360902255 0.001875372943483079 0.0017574692442882249 0.0018209408194233688 0.0012706480304955528 0.0018118466898954704 0.006896551724137931 
similarly 4.6992481203007516E-4 1.7048844940755265E-4 0.005272407732864675 3.0349013657056146E-4 0.0012706480304955528 1.3937282229965157E-4 5.305039787798408E-4 
and 0.026785714285714284 0.0338419572073992 0.005272407732864675 0.03429438543247344 0.010165184243964422 0.033310104529616726 0.016445623342175066 
of 0.022556390977443608 0.031199386241582132 0.01054481546572935 0.024886191198786038 0.025412960609911054 0.03609756097560975 0.02546419098143236 
parameter 0.0037593984962406013 0.0017901287187793028 0.0017574692442882249 0.0012139605462822458 0.0012706480304955528 0.0011149825783972125 5.305039787798408E-4 
decoded 4.6992481203007516E-4 1.7048844940755265E-4 0.0017574692442882249 3.0349013657056146E-4 0.0038119440914866584 1.3937282229965157E-4 5.305039787798408E-4 
row 4.6992481203007516E-4 2.55732674111329E-4 0.0017574692442882249 0.0021244309559939304 0.0012706480304955528 1.3937282229965157E-4 0.0015915119363395225 
value 0.0014097744360902255 0.005199897706930356 0.0017574692442882249 0.0015174506828528073 0.0025412960609911056 0.00445993031358885 0.005305039787798408 
redirection 4.6992481203007516E-4 2.55732674111329E-4 0.0017574692442882249 3.0349013657056146E-4 0.007623888182973317 1.3937282229965157E-4 5.305039787798408E-4 
make 0.005169172932330827 0.0025573267411132896 0.0017574692442882249 0.003338391502276176 0.0012706480304955528 0.003902439024390244 0.0010610079575596816 
beta: 4.6992481203007516E-4 8.524422470377632E-5 0.0017574692442882249 3.0349013657056146E-4 0.0012706480304955528 1.3937282229965157E-4 0.002122015915119363 
process 9.398496240601503E-4 8.524422470377632E-4 0.0017574692442882249 0.0030349013657056147 0.0012706480304955528 0.0011149825783972125 0.0010610079575596816 
or 0.006109022556390977 0.008950643593896513 0.005272407732864675 0.008801213960546282 0.0025412960609911056 0.011567944250871081 0.011140583554376658 
closed. 0.002349624060150376 8.524422470377632E-5 0.0017574692442882249 3.0349013657056146E-4 0.0012706480304955528 1.3937282229965157E-4 5.305039787798408E-4 
will 0.003289473684210526 0.011422726110306028 0.012302284710017574 0.005766312594840668 0.0063532401524777635 0.007526132404181185 0.007427055702917772 
error: 0.002349624060150376 8.524422470377632E-5 0.0035149384885764497 9.104704097116844E-4 0.0012706480304955528 1.3937282229965157E-4 5.305039787798408E-4 
exceptionnotifier 4.6992481203007516E-4 2.55732674111329E-4 0.005272407732864675 3.0349013657056146E-4 0.0012706480304955528 2.7874564459930314E-4 5.305039787798408E-4 
also 0.0014097744360902255 0.002386838291705737 0.008787346221441126 0.005462822458270106 0.0025412960609911056 0.003484320557491289 0.0010610079575596816 
thread 0.0014097744360902255 9.376864717415395E-4 0.0017574692442882249 0.003338391502276176 0.0012706480304955528 4.181184668989547E-4 0.0010610079575596816 
ouput, 4.6992481203007516E-4 8.524422470377632E-5 0.0017574692442882249 3.0349013657056146E-4 0.0038119440914866584 1.3937282229965157E-4 5.305039787798408E-4 
exactly 9.398496240601503E-4 6.819537976302106E-4 0.0017574692442882249 9.104704097116844E-4 0.0038119440914866584 1.3937282229965157E-4 5.305039787798408E-4 
any 0.006109022556390977 0.0030687920893359474 0.0017574692442882249 0.0021244309559939304 0.0025412960609911056 0.004320557491289199 0.003713527851458886 
structure 4.6992481203007516E-4 5.11465348222658E-4 0.0017574692442882249 3.0349013657056146E-4 0.0012706480304955528 5.574912891986063E-4 0.003183023872679045 
int 0.0037593984962406013 0.0015343960446679737 0.0017574692442882249 0.0018209408194233688 0.0012706480304955528 6.968641114982578E-4 5.305039787798408E-4 
colordiff 4.6992481203007516E-4 8.524422470377632E-5 0.0017574692442882249 3.0349013657056146E-4 0.0012706480304955528 0.0015331010452961672 5.305039787798408E-4 
mylambda 4.6992481203007516E-4 8.524422470377632E-5 0.0017574692442882249 0.0015174506828528073 0.0012706480304955528 1.3937282229965157E-4 5.305039787798408E-4 
currently 4.6992481203007516E-4 1.7048844940755265E-4 0.005272407732864675 3.0349013657056146E-4 0.0012706480304955528 1.3937282229965157E-4 0.0015915119363395225 
application 0.0018796992481203006 7.671980223339868E-4 0.0017574692442882249 0.0018209408194233688 0.0025412960609911056 0.0027874564459930314 0.0015915119363395225 
build 0.0014097744360902255 0.0011934191458528684 0.0017574692442882249 3.0349013657056146E-4 0.0025412960609911056 0.0025087108013937282 5.305039787798408E-4 
various 4.6992481203007516E-4 1.7048844940755265E-4 0.0017574692442882249 0.0021244309559939304 0.0025412960609911056 4.181184668989547E-4 0.0010610079575596816 
unsigned 9.398496240601503E-4 5.11465348222658E-4 0.0017574692442882249 6.069802731411229E-4 0.005082592121982211 2.7874564459930314E-4 0.002122015915119363 
until 0.0037593984962406013 3.409768988151053E-4 0.0017574692442882249 9.104704097116844E-4 0.0012706480304955528 6.968641114982578E-4 0.002122015915119363 
